    a   #   _   +   -   /   *   %   =   <   >   &   ^   |   !   ~   (   )   ;   ?   :   ,   .   @   ws
0   1   3   1   8   11  12  13  14  15  16  17  18  19  20  21  10  10  10  10  10  10  10  4   22  23
1   1   1   1   2   2   2   2   2   2   2   2   2   2   2   2   2   2   2   2   2   2   2   2   2   2
2   0   0   0   0   0   0   0   0   0   0   0   0   0   0   0   0   0   0   0   0   0   0   0   0   0
3   6   3   6   6   6   6   6   6   6   6   6   6   6   6   6   6   6   6   6   6   6   6   5   6   6
4   7   5   7   7   7   7   7   7   7   7   7   7   7   7   7   7   7   7   7   7   7   7   7   7   7
5   6   5   6   6   6   6   6   6   6   6   6   6   6   6   6   6   6   6   6   6   6   6   6   6   6
6   0   0   0   0   0   0   0   0   0   0   0   0   0   0   0   0   0   0   0   0   0   0   0   0   0
7   0   0   0   0   0   0   0   0   0   0   0   0   0   0   0   0   0   0   0   0   0   0   0   0   0
8   9   9   9   10  9   9   9   9   10  9   9   9   9   9   9   9   9   9   9   9   9   9   9   9   9
9   0   0   0   0   0   0   0   0   0   0   0   0   0   0   0   0   0   0   0   0   0   0   0   0   0
10  0   0   0   0   0   0   0   0   0   0   0   0   0   0   0   0   0   0   0   0   0   0   0   0   0
11  9   9   9   9   10  9   9   9   10  9   9   9   9   9   9   9   9   9   9   9   9   9   9   9   9
12  9   9   9   9   9   9   9   9   10  9   9   9   9   9   9   9   9   9   9   9   9   9   9   9   9
13  9   9   9   9   9   9   9   9   10  9   9   9   9   9   9   9   9   9   9   9   9   9   9   9   9
14  9   9   9   9   9   9   9   9   10  9   9   9   9   9   9   9   9   9   9   9   9   9   9   9   9
15  9   9   9   9   9   9   9   9   10  9   9   9   9   9   9   9   9   9   9   9   9   9   9   9   9
16  9   9   9   9   9   9   9   9   10  24  9   9   9   9   9   9   9   9   9   9   9   9   9   9   9
17  9   9   9   9   9   9   9   9   10  9   25  9   9   9   9   9   9   9   9   9   9   9   9   9   9
18  9   9   9   9   9   9   9   9   10  9   9   10  9   9   9   9   9   9   9   9   9   9   9   9   9
19  9   9   9   9   9   9   9   9   10  9   9   9   9   9   9   9   9   9   9   9   9   9   9   9   9
20  9   9   9   9   9   9   9   9   10  9   9   9   9   10  9   9   9   9   9   9   9   9   9   9   9
21  9   9   9   9   9   9   9   9   10  9   9   9   9   9   9   9   9   9   9   9   9   9   9   9   9
22  0   0   0   0   0   0   0   0   0   0   0   0   0   0   0   0   0   0   0   0   0   0   0   0   0
23  0   0   0   0   0   0   0   0   0   0   0   0   0   0   0   0   0   0   0   0   0   0   0   0   23
24  9   9   9   9   9   9   9   9   10  9   9   9   9   9   9   9   9   9   9   9   9   9   9   9   9
25  9   9   9   9   9   9   9   9   10  9   9   9   9   9   9   9   9   9   9   9   9   9   9   9   9
